self_attention:INFO:Scaled scores: torch.Size([2, 4, 5, 5]) 
tensor([[[[-0.4465,  0.3700, -0.3651, -0.1283, -0.6475],
          [-0.8928, -0.5757, -0.3011, -0.7366, -1.3401],
          [-0.0649,  0.5564,  0.2528, -0.2732, -0.3364],
          [-0.2671,  0.5929,  0.9986,  0.0649,  0.2547],
          [-0.3100,  0.3532,  0.0700,  0.0048, -0.1161]],

         [[-0.0484,  0.4083,  0.1504, -0.1107, -0.4861],
          [-0.4356,  0.3675,  0.3156,  0.2764,  0.2583],
          [-0.1282,  0.6003,  0.0051,  0.0995,  0.2122],
          [-0.4172,  0.0716,  0.1261, -0.7781, -0.1914],
          [ 0.3231, -0.0725, -0.1646,  0.3635,  0.0798]],

         [[ 0.6904,  0.9233, -0.1295,  0.4667, -0.1865],
          [ 0.9881,  0.8268,  1.2373,  0.6481,  0.3383],
          [ 0.2010,  0.6751,  0.4005,  0.0363,  0.2026],
          [ 0.4629,  0.4664,  0.5477,  0.0980,  0.4545],
          [-0.0614,  0.0776,  0.4233, -0.0544,  0.6956]],

         [[-0.2313, -0.2247,  0.2850,  0.2457, -0.2576],
          [-0.2588,  0.1107,  0.6294,  0.2826, -0.2882],
          [ 0.8107, -0.2165,  0.5685,  0.6120,  0.2999],
          [-0.2935, -0.7101,  0.6493, -0.0289, -0.2872],
          [-0.0114,  0.5583,  0.0276,  0.0704, -0.2861]]],


        [[[-0.2102, -0.8213,  0.0185,  0.0416,  0.0211],
          [-0.1925, -0.1006,  0.8404,  0.1040, -0.4804],
          [ 0.4255,  0.4211, -0.0498,  0.0211, -0.5957],
          [-0.5512, -0.0856,  0.0483,  0.3720, -0.6028],
          [ 0.1060,  0.0787, -0.1223, -0.4930, -0.4939]],

         [[ 0.0859, -0.8506, -0.3037, -0.6607, -1.4358],
          [-0.6036, -0.2907,  0.4223, -1.0198, -1.0772],
          [-0.7123, -0.9144, -0.2103, -0.5735, -0.7363],
          [-0.4590, -0.3620,  0.4641, -0.4463, -0.2080],
          [-0.3928, -0.6935, -0.2616, -0.3107, -1.4344]],

         [[ 0.3462,  0.4780,  0.1826,  0.4872, -0.2722],
          [ 0.1353, -0.4914,  0.2108, -0.2086, -0.2014],
          [ 0.3201,  0.1490,  0.4918,  0.8114,  0.9439],
          [-0.3445,  1.2483, -0.1195,  0.6518,  0.2777],
          [-0.2162,  0.3727, -0.3919,  0.2840,  0.7295]],

         [[-0.0157, -0.6985, -0.2861, -0.8797,  0.3182],
          [-0.7481, -0.2831, -1.2160, -0.2555, -0.5534],
          [-0.2484, -0.0565, -0.0083,  0.1185,  0.7004],
          [ 0.3480, -0.0016, -0.0817, -0.8873,  0.2524],
          [ 0.3258, -0.0436, -0.6290, -0.5109, -0.6890]]]],
       grad_fn=<DivBackward0>)

self_attention:INFO:Attention weights (without dropout): torch.Size([2, 4, 5, 5]) 
tensor([[[[0.1529, 0.3460, 0.1659, 0.2102, 0.1251],
          [0.1670, 0.2293, 0.3018, 0.1952, 0.1068],
          [0.1721, 0.3204, 0.2365, 0.1398, 0.1312],
          [0.1001, 0.2366, 0.3550, 0.1395, 0.1687],
          [0.1431, 0.2778, 0.2093, 0.1961, 0.1737]],

         [[0.1857, 0.2933, 0.2266, 0.1745, 0.1199],
          [0.1065, 0.2377, 0.2257, 0.2170, 0.2131],
          [0.1454, 0.3013, 0.1662, 0.1826, 0.2044],
          [0.1587, 0.2587, 0.2732, 0.1106, 0.1989],
          [0.2432, 0.1637, 0.1493, 0.2532, 0.1906]],

         [[0.2552, 0.3222, 0.1124, 0.2040, 0.1062],
          [0.2289, 0.1948, 0.2937, 0.1630, 0.1195],
          [0.1761, 0.2830, 0.2150, 0.1494, 0.1764],
          [0.2093, 0.2100, 0.2278, 0.1453, 0.2075],
          [0.1447, 0.1663, 0.2349, 0.1457, 0.3084]],

         [[0.1595, 0.1606, 0.2674, 0.2571, 0.1554],
          [0.1322, 0.1912, 0.3212, 0.2271, 0.1283],
          [0.2807, 0.1005, 0.2203, 0.2301, 0.1684],
          [0.1530, 0.1009, 0.3928, 0.1993, 0.1540],
          [0.1769, 0.3127, 0.1839, 0.1920, 0.1344]]],


        [[[0.1871, 0.1015, 0.2351, 0.2406, 0.2357],
          [0.1429, 0.1566, 0.4013, 0.1922, 0.1071],
          [0.2744, 0.2732, 0.1706, 0.1831, 0.0988],
          [0.1269, 0.2021, 0.2311, 0.3194, 0.1205],
          [0.2586, 0.2516, 0.2058, 0.1421, 0.1419]],

         [[0.3621, 0.1419, 0.2453, 0.1716, 0.0791],
          [0.1553, 0.2124, 0.4332, 0.1024, 0.0967],
          [0.1788, 0.1460, 0.2953, 0.2054, 0.1745],
          [0.1446, 0.1593, 0.3639, 0.1464, 0.1858],
          [0.2315, 0.1714, 0.2640, 0.2514, 0.0817]],

         [[0.2137, 0.2438, 0.1814, 0.2460, 0.1151],
          [0.2478, 0.1324, 0.2672, 0.1757, 0.1769],
          [0.1531, 0.1290, 0.1818, 0.2503, 0.2857],
          [0.0852, 0.4188, 0.1067, 0.2307, 0.1587],
          [0.1271, 0.2291, 0.1067, 0.2097, 0.3274]],

         [[0.2447, 0.1236, 0.1867, 0.1031, 0.3417],
          [0.1648, 0.2623, 0.1032, 0.2696, 0.2002],
          [0.1332, 0.1614, 0.1693, 0.1922, 0.3439],
          [0.2813, 0.1983, 0.1830, 0.0818, 0.2556],
          [0.3482, 0.2407, 0.1340, 0.1508, 0.1262]]]],
       grad_fn=<SoftmaxBackward0>)

self_attention:INFO:Attention weights (with dropout): torch.Size([2, 4, 5, 5]) 
tensor([[[[0.1699, 0.3844, 0.1843, 0.2336, 0.1390],
          [0.1855, 0.2548, 0.3353, 0.2169, 0.1186],
          [0.1913, 0.3560, 0.2628, 0.1553, 0.1458],
          [0.1112, 0.2629, 0.3944, 0.1550, 0.1875],
          [0.1590, 0.3086, 0.2325, 0.2179, 0.0000]],

         [[0.2064, 0.3258, 0.0000, 0.1939, 0.1332],
          [0.1183, 0.2641, 0.2508, 0.0000, 0.2368],
          [0.1616, 0.3348, 0.1846, 0.2029, 0.0000],
          [0.1763, 0.2874, 0.3035, 0.1229, 0.2210],
          [0.2702, 0.1819, 0.1659, 0.2813, 0.2118]],

         [[0.2836, 0.3579, 0.1249, 0.2267, 0.1180],
          [0.2544, 0.2165, 0.3264, 0.1811, 0.1328],
          [0.1957, 0.3144, 0.2389, 0.1660, 0.1960],
          [0.0000, 0.2334, 0.2531, 0.1615, 0.2306],
          [0.1608, 0.1847, 0.2610, 0.0000, 0.3427]],

         [[0.1773, 0.1784, 0.0000, 0.2856, 0.1727],
          [0.1468, 0.2125, 0.3569, 0.2523, 0.1426],
          [0.3119, 0.0000, 0.2448, 0.2557, 0.1871],
          [0.1700, 0.1121, 0.4365, 0.0000, 0.1711],
          [0.1966, 0.0000, 0.0000, 0.2133, 0.1494]]],


        [[[0.2078, 0.1128, 0.0000, 0.2673, 0.2619],
          [0.1587, 0.0000, 0.4459, 0.2135, 0.0000],
          [0.3049, 0.3035, 0.1895, 0.2034, 0.1098],
          [0.1410, 0.2246, 0.2568, 0.3549, 0.1339],
          [0.2873, 0.2796, 0.2287, 0.0000, 0.1577]],

         [[0.4023, 0.1577, 0.2725, 0.1907, 0.0878],
          [0.1725, 0.2360, 0.4813, 0.0000, 0.1075],
          [0.1986, 0.1623, 0.3281, 0.2282, 0.1939],
          [0.1606, 0.1770, 0.4043, 0.1627, 0.2065],
          [0.2573, 0.1905, 0.2933, 0.2793, 0.0908]],

         [[0.2374, 0.0000, 0.2016, 0.2734, 0.0000],
          [0.2753, 0.1471, 0.2969, 0.1952, 0.1966],
          [0.1701, 0.1434, 0.2020, 0.2781, 0.3175],
          [0.0946, 0.4654, 0.1185, 0.2563, 0.1763],
          [0.1413, 0.0000, 0.1185, 0.2330, 0.3637]],

         [[0.2719, 0.1374, 0.2075, 0.1146, 0.3797],
          [0.1831, 0.2914, 0.1146, 0.2996, 0.2224],
          [0.0000, 0.1793, 0.1881, 0.2136, 0.3822],
          [0.3125, 0.2203, 0.2034, 0.0909, 0.2840],
          [0.3869, 0.2674, 0.0000, 0.1676, 0.1402]]]], grad_fn=<MulBackward0>)

