self_attention:INFO:Scaled scores: torch.Size([2, 4, 5, 5]) 
tensor([[[[ 8.3033e-01, -7.9861e-01,  5.6015e-01, -4.8457e-01,  1.0862e-01],
          [-3.3110e-01, -3.0971e-01,  1.6329e-01,  1.7111e-01, -8.4430e-02],
          [ 4.1307e-01, -9.0983e-02,  5.1728e-01,  3.7795e-01,  2.5079e-01],
          [ 2.3201e-01,  1.4022e-01, -1.5337e-01,  4.5356e-01,  3.0682e-02],
          [ 4.7349e-01, -4.2720e-01,  3.4143e-01,  3.4936e-01,  2.5582e-01]],

         [[ 1.8595e-01,  2.3235e-01,  5.8435e-01, -2.8817e-01,  9.4689e-02],
          [ 9.9310e-02,  1.4115e-02,  6.4714e-01, -5.4716e-02, -2.1370e-02],
          [ 5.9326e-01, -1.8831e-01,  8.4263e-01, -6.9456e-02,  1.8877e-01],
          [-8.2083e-01, -1.5537e-01,  3.4611e-01, -4.7887e-02, -3.3128e-01],
          [ 3.8593e-01, -1.7959e-02,  6.7922e-01,  6.4230e-01,  2.4683e-01]],

         [[-1.9609e-01,  2.5011e-01, -5.4677e-01,  1.5075e-01, -1.9527e-01],
          [-5.8883e-01,  7.1142e-01,  1.5299e-01, -1.9790e-01,  2.4160e-01],
          [-5.4446e-01,  2.3003e-01, -3.6880e-01,  3.2541e-01, -1.7485e-03],
          [-4.3523e-01,  9.6114e-01, -5.9157e-01,  6.5258e-01,  3.4891e-01],
          [-1.0700e-01,  5.8448e-01, -5.4971e-01,  6.7208e-01, -9.7949e-02]],

         [[-9.2356e-02, -2.7214e-02, -5.6526e-01, -1.2485e-01,  1.6904e-01],
          [-1.0236e+00, -2.2854e-01, -7.5057e-01, -5.4114e-02, -3.6263e-01],
          [-9.0782e-01,  4.6768e-02, -8.3033e-01,  2.4978e-01,  2.0273e-01],
          [-2.3777e-01, -3.6984e-01, -2.3899e-01,  2.5900e-01, -7.3131e-01],
          [-7.5836e-01, -7.8493e-02, -4.9986e-02,  6.0153e-01,  1.8399e-01]]],


        [[[ 3.5622e-01, -1.1690e+00, -6.4579e-01, -6.2023e-02,  2.9502e-01],
          [ 2.7114e-01, -1.4368e-01, -1.6381e-01, -8.0202e-01, -1.0647e-03],
          [ 1.5909e-01, -7.4495e-01, -1.2022e+00, -5.9172e-01, -2.0974e-01],
          [ 1.8912e-01, -9.2566e-01, -8.0919e-01, -4.9353e-01, -1.9444e-01],
          [-7.6739e-01, -7.6795e-01, -1.0385e+00, -3.5499e-01, -8.4385e-01]],

         [[-1.7589e-01,  8.7167e-01, -1.3840e-01,  4.5130e-01, -2.4910e-01],
          [-8.1322e-01, -3.7530e-01, -2.0259e-01, -5.9576e-01,  6.1468e-02],
          [ 1.0263e-01,  2.9191e-01,  5.8734e-01, -4.0224e-01,  2.3516e-01],
          [-4.3349e-01, -3.8709e-01, -3.6632e-01,  1.1854e-01, -1.1814e-03],
          [-3.2534e-02,  4.2873e-01,  3.8331e-01, -3.1532e-02,  1.1541e-03]],

         [[ 5.2003e-02,  1.2710e-01, -3.2983e-02,  2.1384e-02,  8.3308e-01],
          [ 3.7977e-01,  3.8155e-01, -1.4299e-01, -6.4915e-02,  8.6879e-01],
          [ 7.4231e-01,  6.9278e-01, -1.0113e-01,  1.1244e+00,  8.9178e-01],
          [-1.4075e-01,  1.5817e-01, -5.1776e-01, -3.6356e-02, -1.3688e-01],
          [-3.3011e-01,  1.2645e-01, -7.0742e-01, -3.8780e-01,  1.7529e-01]],

         [[-3.7979e-01,  9.0419e-01,  2.4642e-02,  7.2746e-01,  3.1893e-01],
          [ 1.8945e-01,  5.6934e-01,  3.8362e-01, -4.0261e-03, -3.9465e-01],
          [-3.5019e-01,  7.0758e-01, -6.6535e-01,  8.5614e-01,  5.7358e-01],
          [ 3.0577e-01,  1.2896e+00, -1.8531e-01,  3.1171e-01, -2.9410e-01],
          [-4.8622e-01, -2.0278e-01, -4.9123e-01,  4.5810e-01,  4.2010e-01]]]],
       grad_fn=<DivBackward0>)

self_attention:INFO:Attention weights: torch.Size([2, 4, 5, 5]) 
tensor([[[[0.3685, 0.0723, 0.2812, 0.0989, 0.1791],
          [0.1517, 0.1550, 0.2487, 0.2506, 0.1941],
          [0.2208, 0.1334, 0.2450, 0.2132, 0.1877],
          [0.2147, 0.1959, 0.1460, 0.2679, 0.1755],
          [0.2519, 0.1023, 0.2207, 0.2225, 0.2026]],

         [[0.1972, 0.2065, 0.2936, 0.1227, 0.1800],
          [0.1855, 0.1703, 0.3208, 0.1590, 0.1644],
          [0.2549, 0.1166, 0.3270, 0.1314, 0.1701],
          [0.1004, 0.1954, 0.3227, 0.2176, 0.1639],
          [0.1934, 0.1291, 0.2593, 0.2499, 0.1683]],

         [[0.1760, 0.2750, 0.1239, 0.2490, 0.1761],
          [0.0949, 0.3481, 0.1992, 0.1402, 0.2176],
          [0.1181, 0.2562, 0.1408, 0.2818, 0.2032],
          [0.0905, 0.3655, 0.0774, 0.2685, 0.1982],
          [0.1465, 0.2924, 0.0941, 0.3192, 0.1478]],

         [[0.2017, 0.2153, 0.1257, 0.1953, 0.2620],
          [0.1099, 0.2433, 0.1444, 0.2897, 0.2128],
          [0.0918, 0.2384, 0.0992, 0.2920, 0.2786],
          [0.1950, 0.1709, 0.1947, 0.3204, 0.1190],
          [0.0872, 0.1721, 0.1771, 0.3398, 0.2238]]],


        [[[0.3141, 0.0683, 0.1153, 0.2068, 0.2955],
          [0.2931, 0.1936, 0.1897, 0.1002, 0.2233],
          [0.3540, 0.1433, 0.0907, 0.1671, 0.2448],
          [0.3468, 0.1138, 0.1278, 0.1752, 0.2363],
          [0.1924, 0.1922, 0.1467, 0.2905, 0.1782]],

         [[0.1300, 0.3707, 0.1350, 0.2435, 0.1208],
          [0.1245, 0.1929, 0.2293, 0.1547, 0.2986],
          [0.1793, 0.2167, 0.2911, 0.1082, 0.2047],
          [0.1564, 0.1638, 0.1672, 0.2716, 0.2410],
          [0.1629, 0.2584, 0.2470, 0.1631, 0.1685]],

         [[0.1626, 0.1753, 0.1493, 0.1577, 0.3551],
          [0.2055, 0.2059, 0.1218, 0.1317, 0.3351],
          [0.1997, 0.1900, 0.0859, 0.2926, 0.2318],
          [0.1942, 0.2619, 0.1332, 0.2156, 0.1950],
          [0.1705, 0.2691, 0.1169, 0.1609, 0.2826]],

         [[0.0897, 0.3240, 0.1344, 0.2715, 0.1804],
          [0.1977, 0.2891, 0.2401, 0.1629, 0.1102],
          [0.0955, 0.2751, 0.0697, 0.3191, 0.2406],
          [0.1712, 0.4579, 0.1048, 0.1722, 0.0940],
          [0.1195, 0.1586, 0.1189, 0.3072, 0.2958]]]],
       grad_fn=<SoftmaxBackward0>)

